"LPlist.objtype"
"max"
"nDMU","nY","nX"
10,1,2
"nobjvals"
15
"obj coeffs"
25.1826192492336,0,0,0,0,0,0,0,0,0,0,0,0,0,0
"ncons"
13
"const signs"
"<=","<=","<=","<=","<=","<=","<=","<=","<=","<=","<=","<=",">="
"rhs values"
0,0,0,0,0,0,0,0,0,0,1,0,0
"A coefficients"
25.1826192492336,-6.32210530457087,-8.11297555104829,1,-1,0,0,0,0,0,0,0,0,0,0
19.4304022262937,-7.97098860144615,-9.56096138455905,1,0,-1,0,0,0,0,0,0,0,0,0
17.3145480290079,-6.73034184728749,-9.47059761965647,1,0,0,-1,0,0,0,0,0,0,0,0
28.4002028468929,-8.55246251565404,-5.89264149894007,1,0,0,0,-1,0,0,0,0,0,0,0
25.8333654327353,-8.22710964479484,-6.0010796925053,1,0,0,0,0,-1,0,0,0,0,0,0
23.2649268056648,-5.24284962564707,-9.58793355035596,1,0,0,0,0,0,-1,0,0,0,0,0
31.1415242311861,-8.29017546842806,-8.22604685323313,1,0,0,0,0,0,0,-1,0,0,0,0
24.180204763616,-5.70779203088023,-5.52544341655448,1,0,0,0,0,0,0,0,-1,0,0,0
22.7932037630958,-5.55132756475359,-5.01647014985792,1,0,0,0,0,0,0,0,0,-1,0,0
26.1404994754844,-7.70692187012173,-6.12632822943851,1,0,0,0,0,0,0,0,0,0,-1,0
0,6.32210530457087,8.11297555104829,0,0,0,0,0,0,0,0,0,0,0,0
0,0,0,0,0.1,0.1,0.1,0.1,0.1,0.1,0.1,0.1,0.1,0.1,-1
0,0,0,1,0,0,0,0,0,0,0,0,0,0,-3.33334444448148
